2_DOK6_3_5_1	0.625145
A	0.966878	0.841304	0.830453	0.866376	0.325889	0.309099	0.035872	0.143521	0.449023	0.068396	0.430079	3.284300	0.182239	1.106609	1.155874	1.309009	0.912299	
C	0.552221	0.385187	0.306965	0.200245	0.044012	0.025639	0.000131	0.000324	0.000596	0.000199	0.000248	0.000458	0.011341	0.080188	0.193353	0.315276	0.450213	
D	1.239740	1.638773	2.002142	2.029096	0.508242	1.092743	0.000131	0.178988	3.472178	0.035938	0.107121	0.000476	0.117986	1.733604	1.619825	1.472078	1.592385	
E	1.251391	1.416375	1.429103	1.660684	0.255272	3.732024	0.035863	0.527256	1.838773	0.071676	0.071429	0.037409	0.149938	1.544322	1.545487	1.167379	1.437503	
F	0.654967	0.703210	0.486279	0.516711	1.455725	0.524267	0.143047	0.000324	0.127134	0.000199	0.000248	0.607143	1.317269	0.508824	0.443372	0.544304	0.628814	
G	1.087952	0.841090	0.874057	1.337077	0.274185	0.359984	0.071611	0.000324	0.036450	0.035954	0.000248	0.000458	0.156668	0.473976	0.908182	0.949236	1.307430	
H	1.194841	0.809347	1.285924	0.938712	0.579129	0.773699	0.035872	0.144978	0.603280	0.035652	0.107456	0.069418	2.416788	1.347438	1.222718	1.927022	1.371134	
I	0.838559	0.914467	0.591003	0.518431	4.097485	0.807434	0.000131	0.357664	0.818759	0.000199	0.893653	4.354254	0.363920	1.171459	0.688898	0.530387	0.837183	
K	0.730521	0.385188	0.306971	0.343109	0.044012	0.489051	0.000131	0.000324	0.143304	0.071635	0.107459	0.000458	0.046717	0.222679	0.264796	0.422427	0.593092	
L	1.018102	1.187272	0.628456	0.803060	1.647988	0.945865	0.357543	0.000324	0.816060	0.000249	0.250403	6.038699	0.508462	1.252995	1.148101	0.992853	0.841758	
M	1.185299	1.910176	1.049116	1.146671	4.163130	2.203381	1.573799	1.635399	1.506863	0.000204	0.071713	2.559145	0.769818	1.916011	2.333282	1.419336	1.289665	
N	1.123567	0.559062	1.044741	1.285043	0.259331	0.525741	0.000131	0.250257	0.807485	7.430291	0.035583	0.038113	0.257944	0.508547	0.620903	0.594512	0.739049	
P	1.086631	1.339224	1.725944	1.427937	0.296978	0.490657	0.000131	0.034918	0.107765	0.035240	15.567465	0.000462	0.117232	0.557860	0.940150	1.394783	0.985519	
Q	1.291096	1.352629	2.003231	2.659952	0.542915	3.109246	0.000131	1.306698	1.607732	0.036321	0.139010	0.071917	0.398223	1.592701	1.541063	1.696060	1.675595	
R	0.687907	0.563494	0.622177	0.518958	0.079738	0.308315	0.000131	0.036058	0.179214	0.035938	0.107430	0.000458	0.225510	0.437381	0.654350	0.635025	0.769584	
S	0.721919	0.948325	1.095418	0.727219	0.289588	0.351407	0.035872	1.190200	0.108023	12.102554	0.179251	1.286310	0.118532	0.793338	0.568363	0.601169	0.950272	
T	0.909619	0.876174	1.013552	1.198945	0.323916	0.836777	0.000131	13.333621	1.225777	0.000436	0.355801	0.118694	0.467539	1.211925	0.714697	1.088105	0.935888	
V	0.906730	0.705836	0.848400	0.665151	2.147951	1.719326	0.035872	0.679518	1.053846	0.000334	1.322303	0.750734	0.291423	1.984577	1.116325	1.303804	0.995556	
W	1.423307	1.815082	1.084912	0.629398	2.406203	0.726822	17.566769	0.071789	3.891807	0.000199	0.074174	0.409739	4.803858	0.548757	1.193251	0.851021	0.807423	
Y	1.128752	0.807785	0.771155	0.527228	0.258312	0.668524	0.106701	0.107518	1.205931	0.038386	0.178924	0.371357	7.278591	1.006808	1.127010	0.786217	0.879638	
