2_DOK6_3_5_2	0.374855
A	0.840854	1.035288	0.916421	0.907150	0.420459	0.517050	0.000131	0.238386	0.325320	3.223297	0.237038	0.124981	1.100521	0.801445	1.401116	0.907671	0.961605	
C	0.519813	0.366525	0.300411	0.231168	0.056569	0.036754	0.000131	0.000480	0.000838	0.000583	0.000303	0.000332	0.075253	0.190117	0.266504	0.360996	0.481445	
D	1.398257	1.313673	2.059641	2.184453	0.771590	1.295013	0.000131	0.238831	1.002918	0.000583	0.060462	0.238676	0.790761	2.078602	1.997278	2.779466	1.137919	
E	0.842942	1.208036	2.419410	1.667198	0.538182	4.875224	0.000146	0.253964	1.224621	0.000583	0.298768	0.117482	0.975707	2.036847	1.525745	1.501030	1.634271	
F	0.705806	0.491395	0.656504	0.358644	1.038340	0.694326	0.179030	0.060065	0.385496	0.000583	0.000303	0.657057	1.292992	0.309254	0.504735	0.753306	0.540994	
G	0.579487	0.976100	0.903281	1.134801	0.625766	0.194015	0.000135	0.000480	0.060185	0.060134	0.238684	0.000332	0.488086	0.843722	1.099464	0.971485	1.136565	
H	0.937206	1.088559	1.348085	1.798853	0.355633	0.695381	0.000131	0.295541	1.259396	0.001059	0.059903	0.242874	3.450267	1.471838	1.111060	1.247018	1.328096	
I	0.816578	0.734694	0.541481	0.415323	4.198083	0.817799	0.000131	0.060070	0.542749	0.000583	0.059932	0.485765	0.559505	0.693342	0.988633	0.716960	0.729553	
K	0.579862	0.426068	0.479038	0.350299	0.116126	0.395720	0.000131	0.000480	0.001156	0.000653	0.059898	0.059925	0.075840	0.250325	0.385594	0.420563	0.540996	
L	1.231818	0.875395	0.776776	0.655417	1.253837	0.527478	0.000132	0.000480	0.249432	0.060078	0.119502	0.000414	0.854546	0.676518	1.056806	0.660598	1.079192	
M	1.369919	2.052164	0.968740	0.797190	4.862887	1.944730	0.594427	0.968349	0.467618	0.238889	0.059913	0.142602	1.967248	1.714988	1.284360	1.081032	1.225723	
N	0.996471	0.493502	0.916488	1.697909	0.174073	0.513213	0.000131	0.179579	0.680672	0.006543	0.239355	0.295088	0.497937	0.905189	0.863797	0.848248	0.952681	
P	1.534393	1.813004	1.090959	0.983343	0.289985	0.452596	0.000131	0.061965	0.000845	0.418796	17.366094	0.179106	0.256063	0.525249	1.224809	0.883782	0.601377	
Q	1.729458	1.076115	1.641009	2.085588	0.296891	2.638051	0.000131	1.337683	0.537693	0.119100	0.245666	0.000332	0.740532	2.432577	1.830843	1.632017	1.475566	
R	0.710441	0.367023	0.429970	0.712176	0.056569	0.399253	0.119342	0.000480	0.000846	0.000583	0.119542	0.000332	0.135144	0.606990	0.629409	0.721170	0.604061	
S	0.713290	0.678254	1.367919	0.900932	0.302305	0.386969	0.000131	1.531937	0.298233	1.452296	0.238155	0.060611	0.730301	0.668640	0.713198	0.777606	0.541042	
T	0.817213	0.917617	0.730297	1.126876	0.542862	0.887988	0.000131	14.293496	0.281074	7.566673	0.241714	0.160687	0.684553	1.638188	0.826539	1.275903	1.220003	
V	0.881573	0.725199	0.707869	0.706665	1.611506	1.501072	0.000131	0.417170	0.925114	6.792320	0.239043	0.000406	0.680338	1.183860	0.931139	1.035438	1.596893	
W	1.806790	2.151135	0.909071	0.468532	2.193450	0.773525	18.865572	0.000486	5.961798	0.000583	0.115405	16.838200	1.496368	0.540424	0.743366	0.897024	0.957793	
Y	0.987828	1.210253	0.836631	0.817483	0.294886	0.453845	0.239643	0.060080	5.793999	0.056080	0.000319	0.394798	3.148038	0.431885	0.615605	0.528688	1.254224	
