GRAP2_0A_4_1_global	3748
A	1.132323	1.626137	0.516839	1.354021	0.352229	1.104580	0.010679	2.054343	0.699067	0.000005	0.291406	1.106979	0.919432	1.096308	0.963985	1.126187	
C	0.454700	0.265550	0.036613	0.014772	0.000064	0.000091	0.000007	0.000082	0.000093	0.000005	0.008609	0.023846	0.055058	0.119888	0.222333	0.363194	
D	1.142995	0.660387	0.319413	0.809784	0.048086	4.946277	0.016015	2.219751	1.595462	0.000005	0.206034	0.568081	0.481909	0.637444	0.755895	0.827393	
E	1.671221	0.975189	0.708930	1.951614	0.074766	1.093908	0.026687	6.712446	2.582564	0.037358	0.291406	0.664122	0.412546	0.658787	0.910628	0.934105	
F	0.726816	0.665722	0.250047	0.628372	1.750219	0.485639	0.005343	0.256198	0.320234	0.016013	0.451480	0.557409	0.956781	0.770835	0.830594	0.822057	
G	0.924234	1.209957	0.234039	0.302897	0.000064	0.085463	0.016015	0.554999	0.277548	0.010677	0.312750	0.872212	0.657985	0.685465	0.766566	0.886085	
H	0.881549	0.703072	0.218032	0.644379	0.021407	0.933837	0.042696	0.640371	0.939173	0.032022	1.294536	1.283055	1.138193	1.224363	1.236101	1.355619	
I	0.753494	0.767100	0.442137	0.943175	3.511045	0.901823	0.005343	0.096125	0.245534	0.010677	0.238048	0.696136	0.983460	0.872212	0.851936	0.832728	
K	0.614768	0.671058	0.111315	0.324240	0.005400	0.202848	0.064040	0.202840	0.389598	19.669071	0.254056	0.653451	0.380532	0.509389	0.521128	0.635310	
L	1.105645	1.327341	1.370575	1.994299	1.264658	0.864473	0.021351	0.474963	3.036097	0.016013	0.291406	1.411111	2.584152	1.373761	1.396170	1.264913	
M	1.164337	1.033881	0.826318	1.610132	0.165475	0.629703	0.010679	0.485634	1.483413	0.021349	0.414130	1.395104	1.554373	1.411110	1.161403	1.104845	
N	0.769501	0.548338	0.143330	0.297561	0.000064	1.910269	0.010679	0.533656	1.227300	0.016013	0.222041	0.573416	0.449895	0.669458	0.590491	0.619304	
P	1.303063	2.938703	11.930214	1.674160	3.388321	1.115251	0.005343	0.096125	0.069457	0.005341	9.170170	1.475138	1.340947	1.347083	1.289458	1.083502	
Q	1.591187	1.055224	0.676915	1.380699	0.042751	0.955180	0.026687	1.088573	1.888925	0.042694	0.616890	1.992694	1.202221	1.501816	1.422848	1.344948	
R	0.716145	0.569681	0.089971	0.350918	0.085437	0.090798	19.466257	0.133475	0.165499	0.042694	0.190026	0.834862	0.609965	0.744157	0.803916	0.848735	
S	0.902892	0.804449	0.266054	0.687064	0.069430	2.273096	0.048032	2.321130	1.504756	0.021349	0.467488	1.555173	1.036816	1.171007	1.022676	0.971454	
T	0.988262	0.868477	0.340756	1.055224	0.096109	0.880481	0.010679	0.997866	2.289101	0.048030	0.568868	1.469802	0.850068	1.187014	0.969320	1.003468	
V	1.297728	1.743521	0.938371	2.554543	7.758372	0.725745	0.000007	0.389591	0.304227	0.000005	0.467488	1.256377	1.511688	1.757926	1.700301	1.702434	
W	1.041618	0.799113	0.335420	0.671057	0.053422	0.304226	0.064040	0.464291	0.517654	0.010677	0.803643	0.936239	1.869176	1.485809	1.710972	1.376961	
Y	0.817522	0.767100	0.244711	0.751092	1.312680	0.496311	0.149419	0.277540	0.464297	0.000005	3.439526	0.674793	1.004802	0.776170	0.873279	0.896756	
