1_PDZD2_2_5	691
A	0.842346	0.937806	0.487976	0.150723	0.000014	0.058156	0.202755	0.234659	1.309531	1.464293	0.586311	0.548714	0.927681	0.905985	1.109923	0.960948	0.910326	
C	0.495218	0.359255	0.198698	0.063914	0.000014	0.000286	0.000189	0.003176	0.007766	0.017897	0.036654	0.085857	0.117711	0.182795	0.271036	0.382406	0.505349	
D	1.796948	0.851023	1.008678	4.086044	0.000014	4.340580	1.389217	13.660681	1.222746	1.232870	0.441664	0.664429	0.898754	0.703492	1.167777	0.960948	1.026034	
E	2.375495	0.908878	0.806183	12.824772	0.000014	0.173897	1.041960	1.102721	1.049178	1.637861	0.702028	1.069429	1.390521	0.934913	1.196704	1.337001	0.997107	
F	0.784491	1.053516	0.603688	0.121787	0.086844	0.521121	0.029127	0.639754	0.441687	0.567527	1.049180	2.110857	0.840899	0.674564	0.820652	0.816313	0.707837	
G	0.755564	0.764241	0.979750	0.295404	0.000014	0.029221	0.029127	0.147853	0.730969	1.869284	0.239159	0.519786	0.754116	0.877058	0.676016	0.845240	1.026034	
H	0.726637	0.590675	0.806183	0.092851	0.000014	0.752603	0.000189	0.495077	1.251675	1.059302	1.107038	0.895857	1.332666	0.934913	1.080996	1.076657	1.315304	
I	0.784491	0.706385	1.876515	0.063914	0.000014	0.058156	0.260632	0.176788	0.702040	0.509672	0.615240	0.375143	0.493769	0.905985	0.878506	0.671677	0.910326	
K	0.495218	0.446038	0.285481	0.063914	0.000014	0.000286	0.000189	0.061047	0.181334	0.220392	0.239159	0.201572	0.464841	0.385288	0.502453	0.642750	0.621057	
L	0.697709	0.995661	1.066534	0.063914	0.000014	0.029221	0.289570	0.234659	0.933465	1.175014	0.759887	0.722286	0.840899	1.224189	1.225632	1.279147	1.112815	
M	1.044837	1.574212	1.095462	0.208595	0.000014	0.029221	0.260632	0.581884	1.859165	1.232870	0.962392	1.156214	1.419449	1.658103	1.514903	1.250220	1.228523	
N	0.726637	0.677458	0.516904	0.150723	0.000014	0.347509	0.000189	0.118917	0.730969	0.393960	0.152371	0.461929	0.493769	0.587782	0.704943	0.700604	0.736764	
P	1.073765	1.660994	0.719400	0.092851	0.000014	0.029221	15.655699	0.205724	0.210262	2.187492	1.396332	1.590143	1.795506	1.282044	1.138850	1.192365	1.257450	
Q	1.420893	1.342791	1.587236	0.324340	0.000014	0.116027	0.087003	0.813367	2.090590	1.522149	0.962392	1.243000	1.477304	1.455610	1.572757	1.741981	1.459939	
R	0.553073	0.503893	0.401193	0.063914	0.000014	0.087092	0.000189	0.118917	0.412759	0.191464	0.297018	0.288357	0.493769	0.500999	0.676016	0.642750	0.910326	
S	0.813419	0.619603	0.835111	0.295404	0.000014	11.140373	0.202755	0.292530	1.656668	1.059302	0.788816	0.751214	0.927681	0.819202	1.023142	1.076657	0.881399	
T	1.044837	0.677458	0.748327	0.179659	0.000014	0.521121	0.058065	0.205724	1.830237	0.798951	0.904533	0.780143	0.725189	0.790275	0.994215	1.018803	0.968180	
V	0.958055	0.764241	2.281505	0.150723	0.028958	0.000286	0.405322	0.350400	0.586328	1.551077	1.107038	0.635500	1.101246	1.368827	1.023142	0.903094	1.257450	
W	1.623384	2.326328	2.888991	0.555830	19.855009	0.376444	0.058065	0.495077	2.322015	0.914663	5.909304	4.338357	2.084781	2.959845	1.370267	1.626272	1.257450	
Y	0.986983	2.239545	0.806183	0.150723	0.028958	1.389180	0.029127	0.061047	0.470615	0.393960	1.743483	1.561214	1.419449	0.848130	1.052069	0.874167	0.910326	
