SPSB2_R4_2D11_global	575
A	1.133821	1.050401	1.479680	0.721920	0.144531	1.255491	0.000085	1.147769	0.000060	0.873125	0.996524	1.163369	1.220720	1.005214	0.961765	
C	0.299611	0.181422	0.124063	0.026721	0.005430	0.004105	0.000085	0.000384	0.000060	0.004119	0.023239	0.085829	0.177949	0.275280	0.405625	
D	1.133821	1.224197	0.610695	0.513361	16.488862	0.768841	0.173983	0.174230	0.069621	0.351722	0.370840	0.537701	0.560298	0.866179	0.753213	
E	1.029545	1.328474	1.132086	0.617641	0.979135	2.819724	0.278322	0.139461	0.034841	0.664564	0.718442	0.920054	1.185961	0.900938	1.239836	
F	1.029545	1.050401	0.958289	0.791440	0.144531	0.699320	0.034865	0.104692	0.034841	1.081687	0.544641	0.850535	0.525539	0.900938	0.718454	
G	1.238098	0.702809	1.166845	0.582881	0.214081	0.247430	0.034865	4.068386	0.000060	0.247441	0.336080	0.781016	0.803611	0.831420	0.787971	
H	0.925269	0.807087	0.819251	1.034760	0.248856	0.560277	0.139204	1.391154	0.104402	0.803605	0.927004	1.232888	1.429274	1.144249	1.205077	
I	0.925269	0.737568	1.027808	0.721920	0.074980	1.081688	0.034865	0.000384	0.069621	1.498809	1.587447	0.885294	0.699334	0.900938	1.239836	
K	0.542922	0.389977	0.228342	0.409081	0.074980	0.073627	0.000085	0.069923	0.034841	0.386482	0.301320	0.468182	0.490780	0.588109	0.579419	
L	1.342374	1.641307	1.549198	2.077558	0.074980	2.576399	0.000085	0.035154	0.000060	1.290248	2.630253	0.989572	1.290238	1.039973	0.857489	
M	1.099063	1.537029	1.166845	1.729959	0.248856	1.603098	0.034865	0.939154	0.069621	1.742131	2.108850	1.441444	1.046925	1.318043	1.205077	
N	0.786234	0.563772	0.506417	0.165761	0.353182	0.942645	18.850657	10.257311	19.303242	0.838365	0.544641	0.676738	0.907889	1.039973	0.961765	
P	1.342374	1.189437	1.132086	0.965240	0.109756	0.560277	0.034865	0.000384	0.034841	0.873125	1.031284	2.240908	1.568310	1.352801	0.927007	
Q	0.855751	1.224197	0.854011	1.104280	0.214081	1.151209	0.243543	0.243769	0.069621	0.803605	1.205085	1.441444	1.116443	1.422319	1.622182	
R	0.647198	0.424736	0.541176	2.181838	0.074980	0.177909	0.000085	0.209000	0.000060	0.525523	0.579402	0.572460	0.838371	1.005214	0.857489	
S	1.064304	0.980882	1.236364	0.826200	0.214081	0.768841	0.034865	0.487154	0.034841	0.664564	0.787963	1.302406	1.185961	1.144249	1.135559	
T	1.342374	0.911364	1.027808	1.000000	0.040205	0.595038	0.034865	0.104692	0.034841	1.012166	1.239845	0.850535	1.359756	1.039973	1.344112	
V	1.307615	1.641307	2.209627	1.799479	0.144531	1.742141	0.034865	0.035154	0.069621	1.325008	2.282651	1.580481	1.498792	1.457078	1.239836	
W	1.133821	1.432752	1.444920	1.799479	0.109756	1.707381	0.000085	0.139461	0.034841	3.271581	0.996524	1.267647	1.012166	1.039973	1.239836	
Y	0.820992	0.980882	0.784492	0.930480	0.040205	0.664559	0.034865	0.452384	0.000060	1.742131	0.787963	0.711497	1.081684	0.727144	0.718454	
