1_STAM2_1_4_1	0.537636
A	0.505825	0.864556	0.581938	1.085957	1.127658	0.473014	0.148877	1.437118	0.300476	0.150048	0.008127	0.008931	0.211375	1.588144	0.743618	1.546078	0.791647	1.038790	
C	0.505750	0.423196	0.297626	0.201653	0.097606	0.031337	0.001475	0.002385	0.001724	0.001710	0.007694	0.007554	0.029565	0.124002	0.283702	0.371468	0.497129	0.579684	
D	1.401468	1.304608	3.525897	1.926227	0.240734	4.883005	0.001556	3.277291	0.806581	0.001758	0.921075	3.391050	1.543743	1.007922	2.185827	0.812332	0.938164	1.892622	
E	1.968192	1.793359	2.270086	2.840198	4.106847	2.696665	0.001518	5.173662	0.278391	0.001877	1.185647	2.634665	0.177805	1.143990	1.601627	1.077313	1.117403	0.993705	
F	0.505850	0.926002	0.444840	0.205449	0.542373	3.112565	0.733364	0.002385	1.418175	1.810178	2.503603	1.029624	1.633711	1.754019	1.018891	0.703462	0.498271	1.755436	
G	1.222115	0.717524	0.611411	0.510354	0.980606	0.032762	0.001475	0.149646	0.001772	0.150288	0.302150	0.755078	0.324469	0.418632	0.431206	0.971159	0.937874	1.207489	
H	1.433142	1.144768	1.579413	1.237906	0.556627	0.758780	0.443270	0.797808	0.443768	0.001710	0.600331	2.189902	1.179732	0.277534	1.024417	1.254651	1.406059	1.596120	
I	0.800136	0.992850	0.443330	1.083247	0.978756	0.332817	0.445178	0.731972	0.149087	0.298706	1.626224	0.294643	0.176791	0.988329	0.583213	0.676736	1.216671	0.579684	
K	0.800588	0.423196	0.297650	0.344707	0.246049	0.031339	0.001475	0.586933	0.001792	0.001721	0.163535	0.302092	0.469425	0.124002	0.283702	0.371468	0.787866	0.579684	
L	1.505771	1.749931	1.027907	0.815593	0.314950	0.775064	0.954323	0.575780	0.301487	8.782820	3.347568	0.442858	2.503645	3.666445	0.724046	0.813016	1.377397	0.579754	
M	0.814832	0.727155	1.202664	2.008217	2.524539	0.326057	0.885314	1.031084	0.885721	1.739417	1.517210	0.559342	0.699526	2.611655	1.749769	2.147745	1.551880	1.468487	
N	0.653299	0.883049	1.004211	0.483366	0.593151	1.974485	0.148876	0.591133	0.001917	0.001710	1.006880	1.391320	0.600923	0.413203	0.566737	0.959161	0.656740	0.724992	
P	1.299995	0.992502	0.727435	0.579064	1.090931	0.467639	0.302070	0.002385	0.149082	0.001720	0.302238	0.298329	1.043946	0.700769	1.447937	0.956630	1.379137	0.727030	
Q	1.091185	1.035167	1.338758	1.818590	0.978585	0.472370	0.001549	1.197261	1.961278	0.148890	0.311408	4.115552	2.051169	1.151518	1.498993	1.985494	1.379411	1.315314	
R	0.505750	0.544293	0.450822	0.481416	0.250527	0.325885	0.001525	1.769524	0.001879	0.001710	0.007906	0.154823	0.616327	0.416064	0.552126	0.371485	0.644321	0.873396	
S	1.206704	0.991457	0.658678	0.784475	1.680025	0.184221	0.885838	0.002445	0.443816	0.161581	0.574087	1.608403	1.640466	0.272492	1.219247	1.107593	0.621332	0.720168	
T	1.061689	1.022437	1.040381	0.372298	0.993724	0.364936	0.001675	0.897830	0.001724	0.296440	1.185359	0.151833	0.765166	0.419974	0.729360	0.813354	0.648259	0.730600	
V	0.957453	1.126140	0.581140	0.927458	0.813762	0.033286	0.296014	0.590932	0.296452	1.327990	0.744486	0.007972	0.597066	0.765354	1.307494	1.133225	0.791630	0.890502	
W	0.966043	1.336040	1.032755	0.620541	0.740064	2.394925	12.679926	0.153702	10.932174	4.529194	3.245832	0.500057	3.244727	1.751250	1.016505	1.262000	1.525565	0.872608	
Y	0.794214	1.001772	0.883060	1.673284	1.142486	0.328847	2.064704	1.028723	1.622704	0.590531	0.438639	0.155972	0.490423	0.404703	1.031582	0.665630	1.233245	0.873937	
